0 0 852.251930 757.505159
1 0 854.554820 758.821049
2 0 851.228390 757.639324
0 1 300.852962 103.706867
1 1 301.813133 100.452785
2 1 303.316972 102.307586
0 2 311.845676 431.650927
1 2 311.233243 434.780409
2 2 312.123673 433.584363
0 3 366.564969 837.590020
1 3 368.064702 836.162275
2 3 365.450627 839.717410
0 4 527.168953 100.958373
1 4 525.733233 104.896204
2 4 526.001230 100.861479
0 5 94.596397 587.365390
1 5 94.162387 585.079825
2 5 93.784716 586.431539
0 6 183.864178 502.233476
1 6 181.272739 501.458601
2 6 183.851217 504.198031
0 7 356.881864 911.109651
1 7 356.023418 913.161793
2 7 356.680975 913.649211
0 8 392.200721 101.643328
1 8 390.727745 104.086016
2 8 393.153437 100.034267
0 9 178.263295 745.862849
1 9 177.421083 748.666107
2 9 178.564619 745.883810
0 10 885.157063 197.062893
1 10 889.164429 199.670836
2 10 885.213197 197.344099
0 11 338.044708 700.802344
1 11 337.636832 702.502553
2 11 337.806902 700.816303
0 12 845.532549 701.520758
1 12 847.271817 700.464419
2 12 849.745219 703.146366
0 13 448.635963 201.376431
1 13 447.181554 204.565356
2 13 448.828671 203.856186
0 14 586.222019 448.537264
1 14 589.709433 447.314957
2 14 585.315487 445.641864
0 15 356.158139 165.850706
1 15 357.471441 166.654693
2 15 358.460333 165.974070
0 16 893.757437 139.204098
1 16 890.972569 137.598302
2 16 891.861197 138.568764
0 17 316.067889 191.181104
1 17 315.874746 192.420485
2 17 316.939794 194.073572
0 18 490.114790 193.916610
1 18 494.568829 194.237210
2 18 494.891444 190.365308
0 19 400.117746 902.431999
1 19 402.117526 903.286966
2 19 400.670423 901.885882
0 20 108.250392 254.920618
1 20 106.175413 254.310400
2 20 106.336165 251.854874
0 21 87.669017 445.281749
1 21 87.805966 445.715127
2 21 87.073378 445.663479
0 22 293.232354 752.139201
1 22 290.336638 754.135839
2 22 293.432543 754.833305
0 23 124.819355 397.232735
1 23 123.607668 396.451078
2 23 120.299655 395.439713
0 24 409.166872 59.955572
1 24 406.211285 57.912818
2 24 407.889137 58.341566
0 25 256.590312 957.885729
1 25 259.531787 959.199267
2 25 256.380099 959.767404
0 26 353.810935 0.693756
1 26 350.813768 0.234765
2 26 352.494562 1.222411
0 27 598.439533 355.152683
1 27 596.368979 355.619804
2 27 597.667700 357.112217
0 28 112.151438 42.415114
1 28 110.033193 43.423689
2 28 111.701271 42.087919
0 29 360.160312 927.360143
1 29 364.458113 925.566427
2 29 362.378932 929.695564
0 30 946.212913 515.580941
1 30 948.290839 515.181509
2 30 947.274907 517.434263
0 31 740.341955 478.483946
1 31 742.065316 478.931823
2 31 741.124664 477.483155
0 32 708.230941 696.991668
1 32 706.567912 698.231026
2 32 706.428451 698.116600
0 33 429.665967 277.897702
1 33 428.684513 278.844845
2 33 426.537502 277.553727
0 34 58.868121 174.713697
1 34 59.452287 173.340546
2 34 58.646547 170.768132
0 35 752.804081 852.430534
1 35 751.620663 852.373878
2 35 750.890556 853.235654
0 36 808.746435 53.226786
1 36 805.006543 54.414485
2 36 806.746511 54.390707
0 37 534.743845 29.356647
1 37 534.777009 25.237477
2 37 530.023688 25.764747
0 38 298.887837 630.913645
1 38 298.450890 634.163449
2 38 298.483828 632.564886
0 39 266.385437 700.607633
1 39 265.886663 700.369916
2 39 267.518243 703.295797
0 40 718.940614 870.535370
1 40 717.347207 873.967085
2 40 716.614373 873.050801
0 41 958.432791 326.735864
1 41 955.540705 329.424209
2 41 957.867356 328.390275
0 42 340.328665 756.452734
1 42 343.998695 756.609245
2 42 342.793089 757.182689
0 43 506.277186 391.503106
1 43 506.125591 391.319923
2 43 506.430189 390.908743
0 44 394.118078 470.007133
1 44 392.997950 470.953173
2 44 392.038913 474.953246
0 45 993.486847 497.032721
1 45 992.466284 497.062117
2 45 993.033306 497.485254
0 46 658.546825 648.761338
1 46 658.070193 649.298121
2 46 656.284045 645.583147
0 47 838.534658 611.067986
1 47 839.608458 613.766869
2 47 835.152255 611.492932
0 48 215.913471 414.721848
1 48 217.471309 411.199832
2 48 216.701514 413.046937
0 49 353.540278 990.474838
1 49 350.293386 992.334999
2 49 352.260599 992.607520
0 50 228.936307 504.616435
1 50 225.920899 502.689932
2 50 229.699639 501.161850
0 51 589.556269 227.838393
1 51 586.762290 228.315343
2 51 587.575721 228.372902
0 52 998.250022 947.105924
1 52 998.121770 946.594886
2 52 995.273362 946.791214
0 53 535.871406 843.457951
1 53 539.037568 844.973119
2 53 538.000888 844.554432
0 54 748.031519 602.596302
1 54 748.993129 604.901178
2 54 746.777063 603.652527
0 55 420.767863 265.398810
1 55 424.750363 268.856159
2 55 422.840634 269.549342
0 56 629.186718 505.622939
1 56 628.721158 506.657225
2 56 628.560545 509.605642
0 57 138.337549 6.700332
1 57 137.039138 5.411450
2 57 135.523065 9.851433
0 58 430.052851 439.559159
1 58 430.569224 435.183013
2 58 433.842768 437.861616
0 59 475.343627 109.231713
1 59 477.514061 108.377188
2 59 477.517914 108.464418
0 60 538.643159 39.239487
1 60 539.621834 38.360986
2 60 539.677652 36.050518
0 61 729.614905 95.894442
1 61 725.120152 95.557573
2 61 728.726587 95.038779
0 62 335.778445 405.154306
1 62 336.776742 405.089383
2 62 337.396278 405.815787
0 63 31.636657 606.639706
1 63 33.298410 607.563643
2 63 30.597986 605.734671
0 64 892.469085 82.078728
1 64 892.756253 82.781679
2 64 891.613034 80.471990
0 65 165.849762 752.049469
1 65 169.786975 752.375574
2 65 167.110886 751.525939
0 66 563.376668 756.200695
1 66 562.007399 756.571782
2 66 561.083649 757.791775
0 67 823.927992 919.424850
1 67 822.699128 915.174778
2 67 824.188598 915.775930
0 68 765.808364 175.739170
1 68 769.671980 177.350677
2 68 769.022472 177.391258
0 69 661.158646 187.209758
1 69 663.859908 186.343653
2 69 661.884915 185.904176
0 70 355.162968 414.703752
1 70 358.049789 411.048038
2 70 359.024912 414.623033
0 71 390.357283 84.777491
1 71 392.839230 84.266170
2 71 392.011983 80.571600
0 72 469.152466 728.032591
1 72 467.067744 726.946284
2 72 469.000205 725.233341
0 73 338.223628 248.703230
1 73 339.116305 248.462909
2 73 339.681802 249.436450
0 74 351.585875 791.367408
1 74 354.830925 790.172948
2 74 351.412215 792.659698
0 75 377.440980 870.042215
1 75 376.032501 870.698547
2 75 379.746836 874.017538
0 76 874.116647 312.427976
1 76 872.574266 310.406890
2 76 871.022261 313.109158
0 77 624.123969 583.797868
1 77 620.820635 583.290005
2 77 621.441712 581.426737
0 78 62.310523 1003.915010
1 78 60.012676 1004.092135
2 78 60.839742 1003.445748
0 79 27.522446 788.291389
1 79 25.011716 789.800875
2 79 28.201368 787.400363
0 80 89.579518 497.405312
1 80 85.397099 499.478531
2 80 89.623433 498.095272
0 81 862.387768 876.297584
1 81 863.358645 878.233780
2 81 861.634061 875.776162
0 82 769.223298 161.360966
1 82 766.827508 160.183804
2 82 769.678064 164.696988
0 83 685.696334 494.054248
1 83 689.942574 490.644787
2 83 686.080696 494.101366
0 84 977.303405 596.929037
1 84 975.100464 595.519856
2 84 976.300805 597.636600
0 85 268.948401 373.382460
1 85 267.032768 371.031655
2 85 269.497745 372.890329
0 86 430.180718 303.255260
1 86 432.706838 303.083138
2 86 432.681169 302.666504
0 87 321.156425 982.609346
1 87 324.468503 981.142782
2 87 322.976656 984.809055
0 88 424.254769 641.874108
1 88 422.718248 644.951175
2 88 424.820307 642.597133
0 89 640.934773 150.389806
1 89 643.299786 150.380415
2 89 641.887512 153.097618
0 90 497.647874 386.144637
1 90 496.176161 386.785445
2 90 499.639414 386.901772
0 91 763.517535 874.310531
1 91 760.867803 871.300035
2 91 760.802899 872.604601
0 92 499.589999 892.163552
1 92 499.486901 892.022380
2 92 499.940026 893.431897
0 93 519.763523 690.207268
1 93 519.924183 690.041673
2 93 519.193886 692.211955
0 94 448.743753 576.247206
1 94 449.903715 579.517104
2 94 445.161273 578.403390
0 95 720.911252 150.510283
1 95 724.828055 153.953218
2 95 720.618346 154.467833
0 96 859.705765 491.754823
1 96 855.947793 491.749458
2 96 859.495908 492.766125
0 97 197.451489 715.164511
1 97 197.625921 717.579344
2 97 196.608397 718.957824
0 98 260.860790 498.339279
1 98 263.082154 496.715435
2 98 263.885531 497.456772
0 99 189.259626 358.201876
1 99 189.821029 356.512109
2 99 186.761706 357.223368
0 100 588.504167 843.069618
1 100 587.028097 841.414893
2 100 587.815422 841.500465
0 101 328.299370 752.398914
1 101 329.076267 750.945984
2 101 329.160134 753.773106
0 102 905.727081 404.745876
1 102 908.334749 403.222419
2 102 909.449897 400.658863
0 103 931.621013 622.033241
1 103 932.707390 623.252149
2 103 930.651779 620.762237
0 104 211.732627 826.110356
1 104 212.964795 826.007236
2 104 211.239960 829.711704
0 105 1.330513 574.153101
1 105 1.001945 573.372522
2 105 4.449153 573.152861
0 106 291.727215 360.724656
1 106 290.843941 360.378833
2 106 294.711996 360.441801
0 107 676.112710 508.352871
1 107 675.727352 505.573482
2 107 679.886354 506.741397
0 108 480.405437 223.471557
1 108 482.696381 220.998572
2 108 483.790665 223.398946
0 109 440.456427 116.840313
1 109 440.371123 116.209613
2 109 441.365803 115.621637
0 110 751.208944 30.095471
1 110 751.083973 30.046207
2 110 753.884904 33.812619
0 111 633.186369 687.044254
1 111 632.552959 688.902410
2 111 633.953762 685.231361
0 112 6.973643 842.302670
1 112 8.921503 841.333888
2 112 5.447671 844.294431
0 113 268.400495 52.685118
1 113 268.697205 52.204346
2 113 265.743299 52.523263
0 114 222.031520 342.131694
1 114 222.140620 342.404553
2 114 224.375773 341.042371
0 115 281.212483 101.017661
1 115 281.426640 104.963898
2 115 284.858559 103.126353
0 116 837.433725 928.069535
1 116 836.121286 926.150181
2 116 838.028673 928.955009
0 117 263.643428 329.630319
1 117 261.658837 325.452843
2 117 262.536479 327.390319
0 118 327.873901 907.124831
1 118 328.728653 908.106599
2 118 328.327464 906.679793
3 0 897.667121 555.971225
4 0 896.198354 558.019430
5 0 895.774350 559.829814
6 0 895.144060 558.313041
7 0 895.051290 559.993909
8 0 896.017437 558.103816
3 1 332.159713 348.301323
4 1 333.695269 347.480095
5 1 332.436003 347.084035
6 1 331.943413 349.644031
7 1 330.617621 346.082567
8 1 330.502827 346.337010
3 2 288.490774 477.444679
4 2 285.813279 475.964716
5 2 288.291845 477.543334
6 2 285.067220 478.775312
7 2 287.602144 475.742215
8 2 286.760591 479.767795
3 3 845.615579 164.281136
4 3 846.834606 161.025677
5 3 849.680627 164.013227
6 3 847.390366 162.701376
7 3 848.120143 162.957018
8 3 848.457169 161.580437
3 4 475.538897 111.927771
4 4 475.591965 110.718908
5 4 477.319674 114.194119
6 4 475.310558 114.490905
7 4 476.858754 111.128438
8 4 478.441069 113.251303
3 5 608.374963 913.285298
4 5 605.811433 913.281928
5 5 609.868025 913.742552
6 5 605.102625 914.400703
7 5 606.201057 914.535375
8 5 609.136164 913.768836
3 6 838.319518 588.848206
4 6 836.371222 589.005238
5 6 837.126811 589.531685
6 6 835.273368 586.089226
7 6 836.343083 589.832535
8 6 839.024219 585.736828
3 7 616.393206 134.521805
4 7 619.402511 132.234089
5 7 618.260986 130.465143
6 7 616.144293 133.311399
7 7 617.046264 132.732724
8 7 619.844042 130.267300
3 8 540.584420 728.110374
4 8 540.456855 726.970740
5 8 543.867747 728.218363
6 8 544.078173 727.166558
7 8 543.524038 726.243873
8 8 541.366344 728.559635
3 9 57.427007 102.947631
4 9 59.113793 104.420613
5 9 56.200092 101.928394
6 9 56.577546 100.143239
7 9 58.589192 102.549533
8 9 58.118886 100.175100
3 10 996.245838 598.368010
4 10 996.587669 595.948702
5 10 996.067392 597.876398
6 10 997.139353 599.611647
7 10 995.202849 598.358713
8 10 995.533887 595.190911
3 11 73.150778 866.330165
4 11 72.296588 869.208114
5 11 70.619635 867.278602
6 11 73.602664 866.478267
7 11 74.247265 868.032735
8 11 70.725852 865.571531
3 12 672.435345 685.490290
4 12 674.679336 689.859844
5 12 674.211461 685.093043
6 12 673.475993 689.978263
7 12 673.627102 687.101149
8 12 670.085301 687.963445
3 13 800.705886 302.528969
4 13 803.731004 303.403737
5 13 802.161136 303.497111
6 13 800.345872 302.006281
7 13 804.812114 301.015036
8 13 804.301424 300.891214
3 14 254.001750 230.762947
4 14 251.508810 234.258524
5 14 250.235457 233.717977
6 14 254.985673 231.645670
7 14 250.041534 231.895735
8 14 252.587563 231.308798
3 15 710.819549 223.152301
4 15 711.477097 222.523971
5 15 710.317820 224.681652
6 15 714.558455 223.561306
7 15 711.826886 224.813160
8 15 710.881257 224.383634
3 16 558.804111 794.383402
4 16 557.935604 794.926311
5 16 557.129555 794.522729
6 16 558.938700 793.553845
7 16 558.815708 791.127095
8 16 557.872885 794.986864
3 17 935.744680 873.768293
4 17 938.689738 871.296290
5 17 937.952817 874.975880
6 17 937.671859 873.123179
7 17 938.704491 874.385398
8 17 937.274769 874.985291
3 18 383.704591 218.639434
4 18 381.168411 218.640110
5 18 380.716104 216.272491
6 18 384.447225 218.945275
7 18 381.635376 218.675940
8 18 384.459518 217.069447
3 19 973.482881 753.170703
4 19 971.236132 750.735468
5 19 974.713678 751.769249
6 19 972.932925 754.991874
7 19 971.748955 752.649309
8 19 973.245662 752.709477
3 20 312.115840 859.893034
4 20 312.652854 855.480809
5 20 312.415689 858.813523
6 20 311.274950 857.537563
7 20 313.054755 857.005303
8 20 314.159783 855.394211
3 21 372.017718 487.687594
4 21 373.835693 487.263003
5 21 370.496911 485.986524
6 21 372.765158 487.406370
7 21 373.658940 485.778450
8 21 372.786817 489.843285
3 22 355.496590 374.832290
4 22 356.520690 373.239541
5 22 356.602308 372.653644
6 22 358.019098 370.677298
7 22 357.397592 371.125525
8 22 357.019453 370.561134
3 23 238.840819 318.719609
4 23 235.859887 318.950865
5 23 238.237492 318.309657
6 23 236.214738 319.991329
7 23 235.874398 318.872537
8 23 235.864206 316.058357
3 24 468.112796 961.998889
4 24 465.099564 960.803707
5 24 469.175009 961.048679
6 24 467.617096 964.940364
7 24 466.858183 964.429985
8 24 465.583872 962.578138
3 25 439.904785 928.000077
4 25 435.557807 929.315015
5 25 437.505797 929.125534
6 25 435.955641 927.597133
7 25 438.328713 929.192232
8 25 438.853733 928.424792
3 26 186.954751 659.057570
4 26 188.795030 658.282462
5 26 189.889923 656.365275
6 26 188.321715 656.883549
7 26 187.841358 657.011048
8 26 188.680732 657.285292
3 27 148.161172 864.793987
4 27 147.668724 860.190539
5 27 147.337627 862.705094
6 27 147.941207 862.287543
7 27 146.699924 863.415597
8 27 146.190370 864.611598
3 28 731.289021 27.522937
4 28 732.571058 29.128512
5 28 731.976764 28.429144
6 28 730.945956 26.435105
7 28 733.525154 29.324526
8 28 731.579268 28.204538
3 29 476.105350 429.760767
4 29 479.853988 428.278155
5 29 477.570663 427.152715
6 29 475.777607 426.553330
7 29 478.826513 429.891286
8 29 479.523222 427.832577
3 30 112.398468 305.780409
4 30 113.333898 306.853931
5 30 111.541729 307.375054
6 30 113.152727 309.974578
7 30 114.635875 307.248327
8 30 110.459767 306.872461
3 31 904.115862 996.739320
4 31 900.047414 997.646804
5 31 902.894134 997.413481
6 31 903.171621 995.827350
7 31 903.253366 998.376748
8 31 902.714405 997.372569
3 32 503.518172 562.246576
4 32 502.271630 560.673813
5 32 500.536446 560.611938
6 32 503.995302 563.662185
7 32 503.045807 560.592353
8 32 503.137336 562.376702
3 33 369.053990 246.150295
4 33 365.144897 246.059422
5 33 365.756340 249.077983
6 33 366.757182 246.522435
7 33 369.223369 245.438992
8 33 365.263719 248.258734
3 34 575.746671 8.551485
4 34 578.551697 5.259326
5 34 578.442056 8.830417
6 34 576.838711 5.692415
7 34 575.834186 8.302310
8 34 576.423720 7.957784
3 35 937.199920 534.192722
4 35 939.361486 532.295742
5 35 938.161648 530.754120
6 35 937.921684 534.144875
7 35 938.232545 530.219616
8 35 938.604779 530.698446
3 36 474.324837 6.687831
4 36 472.175321 9.406456
5 36 471.486268 5.747141
6 36 471.302620 7.790286
7 36 472.796090 8.322359
8 36 470.808668 5.429582
3 37 927.356483 486.208502
4 37 928.739460 488.232388
5 37 927.240474 489.368069
6 37 928.150048 489.253870
7 37 925.689120 489.820084
8 37 929.551788 485.098129
3 38 684.652119 958.094753
4 38 680.124620 959.383434
5 38 684.232926 959.164815
6 38 683.900344 958.729972
7 38 683.580340 955.178988
8 38 683.021718 956.773350
3 39 191.175990 27.888513
4 39 192.128042 28.534817
5 39 194.277765 28.285336
6 39 193.263086 28.283987
7 39 190.193383 29.308334
8 39 190.709075 28.152986
3 40 311.234325 698.128852
4 40 312.902031 699.864952
5 40 312.072372 698.006444
6 40 313.644120 697.131629
7 40 313.593607 695.773108
8 40 311.646056 696.343607
3 41 158.291448 518.295573
4 41 158.476125 516.233524
5 41 155.320602 516.630133
6 41 156.315806 516.614380
7 41 155.727594 516.874074
8 41 158.169977 518.649116
3 42 858.636312 736.135754
4 42 855.859473 737.146779
5 42 859.703105 736.989996
6 42 856.130023 739.067342
7 42 858.072057 738.960361
8 42 857.230467 739.688631
3 43 379.512878 505.061877
4 43 379.747164 505.540025
5 43 378.487157 509.261549
6 43 378.382285 505.173745
7 43 376.620230 506.188127
8 43 378.017302 505.604864
3 44 63.331985 638.950680
4 44 63.756808 635.270754
5 44 62.522553 636.137962
6 44 61.130031 636.485142
7 44 61.330219 638.316208
8 44 63.349409 637.154118
3 45 154.784451 224.789738
4 45 153.797506 224.145386
5 45 150.883626 220.418340
6 45 150.422660 222.438420
7 45 152.106055 220.214772
8 45 151.266515 221.106964
3 46 319.389476 508.427492
4 46 315.264636 506.891400
5 46 316.617216 508.461667
6 46 317.375347 506.341658
7 46 319.995666 505.929649
8 46 316.357623 509.041332
3 47 34.304082 671.243371
4 47 30.934895 674.647538
5 47 31.803427 673.969521
6 47 34.842470 670.472714
7 47 34.113564 671.483044
8 47 33.973451 671.355533
3 48 23.012106 741.608495
4 48 23.078675 740.973173
5 48 22.553847 744.701070
6 48 20.556788 744.133858
7 48 23.050359 743.592595
8 48 24.624766 743.860867
3 49 467.582265 623.505046
4 49 467.635765 620.853514
5 49 466.032358 622.663053
6 49 468.928370 624.729668
7 49 469.637140 624.415187
8 49 467.149204 621.411319
3 50 909.569631 997.065961
4 50 909.179664 996.492240
5 50 909.372879 998.555486
6 50 908.348843 995.933116
7 50 908.080170 999.760099
8 50 906.298668 997.943646
3 51 440.084290 356.927555
4 51 440.585031 357.404179
5 51 440.922773 359.547211
6 51 442.033239 359.213670
7 51 442.165733 355.367622
8 51 441.748765 355.814805
3 52 740.029362 134.646765
4 52 743.978696 131.878008
5 52 744.236332 133.463420
6 52 742.756289 134.081263
7 52 742.211315 131.414257
8 52 744.244671 132.138412
3 53 299.262232 236.459591
4 53 295.501354 239.763213
5 53 298.116141 238.033349
6 53 296.943052 238.947332
7 53 297.667426 239.470018
8 53 295.001493 236.307140
3 54 653.663706 887.660061
4 54 652.926571 885.970513
5 54 650.050386 888.834211
6 54 652.353608 887.614741
7 54 651.713661 888.920800
8 54 653.062387 888.624843
3 55 255.262003 48.484062
4 55 257.378394 45.715024
5 55 259.549221 49.690803
6 55 258.562730 48.146101
7 55 256.313266 46.326649
8 55 255.046963 45.426706
3 56 797.649498 972.168922
4 56 799.126682 973.357522
5 56 796.696247 970.270399
6 56 796.310134 971.013162
7 56 797.258040 973.274009
8 56 796.225024 970.114720
3 57 801.627994 313.980854
4 57 803.559391 314.926750
5 57 800.493012 314.960511
6 57 802.703580 314.258711
7 57 801.630935 314.282870
8 57 801.422589 313.941084
3 58 673.238976 500.916119
4 58 672.941312 500.672532
5 58 670.308911 501.364132
6 58 674.898856 504.862618
7 58 670.520394 500.331346
8 58 672.575854 504.515654
3 59 852.008249 380.109538
4 59 854.497609 381.714188
5 59 854.702357 384.006789
6 59 850.223855 381.123368
7 59 851.143383 382.942379
8 59 851.127080 382.003332
3 60 409.381490 401.361953
4 60 408.539862 400.674556
5 60 408.708435 404.090258
6 60 405.739926 400.628321
7 60 406.394214 402.286916
8 60 408.086598 404.358386
3 61 98.846288 178.082508
4 61 99.050841 178.076141
5 61 97.655074 175.843494
6 61 98.656019 175.210742
7 61 97.024249 179.166386
8 61 99.370925 175.423230
3 62 497.712499 595.049587
4 62 496.531101 599.632057
5 62 495.387503 599.898461
6 62 497.004638 598.095787
7 62 498.259276 598.702878
8 62 499.078310 598.084944
3 63 9.273955 618.780267
4 63 6.351281 615.309516
5 63 7.380662 619.826270
6 63 6.210077 616.452274
7 63 5.873758 616.071898
8 63 8.397302 618.643620
3 64 869.782391 891.369694
4 64 865.751938 892.804380
5 64 869.972938 892.742998
6 64 867.579918 892.497654
7 64 869.922052 892.411289
8 64 869.670858 890.388640
3 65 633.934051 594.780177
4 65 632.169503 594.137048
5 65 630.637025 593.082761
6 65 631.226584 591.775936
7 65 632.907116 593.666267
8 65 632.664204 593.483761
3 66 327.811912 577.176671
4 66 326.162762 578.882780
5 66 329.878809 579.430062
6 66 325.656318 577.790255
7 66 327.091319 576.535560
8 66 329.438197 575.203552
3 67 901.591561 309.725388
4 67 902.135228 309.779042
5 67 900.813203 309.852139
6 67 900.448739 308.789815
7 67 900.035670 309.165134
8 67 904.803472 306.417453
3 68 2.753820 604.016170
4 68 0.265958 603.220886
5 68 4.407952 601.733613
6 68 0.428205 603.018476
7 68 0.392228 600.007825
8 68 1.842116 600.937612
3 69 8.218225 341.237116
4 69 9.017332 344.477210
5 69 5.203904 344.277091
6 69 7.653602 341.353739
7 69 7.393180 341.798264
8 69 9.679372 343.905041
3 70 520.951504 512.272941
4 70 521.314016 510.223406
5 70 523.595420 511.470797
6 70 521.259142 510.741451
7 70 521.064325 513.004726
8 70 521.715146 512.616850
3 71 166.146070 198.199394
4 71 165.795525 195.066034
5 71 167.026890 196.731722
6 71 166.010666 197.243666
7 71 167.494143 198.603929
8 71 169.999822 199.296403
3 72 153.996340 296.039377
4 72 150.345017 299.117959
5 72 150.566917 298.773130
6 72 152.670117 296.467294
7 72 154.469097 296.562772
8 72 150.150986 296.769464
3 73 699.087302 321.514967
4 73 696.223578 321.955018
5 73 697.373532 323.640522
6 73 698.567964 323.745627
7 73 699.152563 322.625604
8 73 698.628250 322.953907
3 74 284.871207 492.154097
4 74 280.497224 491.368804
5 74 282.263434 493.259925
6 74 282.335869 493.872182
7 74 284.009193 494.477165
8 74 284.115872 494.877972
3 75 112.062091 351.657472
4 75 112.379892 352.712020
5 75 112.676194 353.866419
6 75 110.161992 353.724372
7 75 113.142860 350.174921
8 75 114.634934 354.606873
3 76 259.060642 503.651132
4 76 257.033512 504.003315
5 76 255.328230 502.635498
6 76 257.140546 502.548505
7 76 257.442791 503.179267
8 76 258.760764 503.513663
3 77 225.302990 950.508338
4 77 225.486029 951.658156
5 77 228.759237 953.022223
6 77 227.564716 950.558548
7 77 229.658894 952.000242
8 77 228.646199 950.768930
3 78 474.729667 850.203797
4 78 474.589395 851.071342
5 78 472.665726 850.055828
6 78 472.518073 851.351669
7 78 474.957054 852.083818
8 78 473.511173 852.257830
3 79 196.433745 383.587457
4 79 197.099254 384.083477
5 79 199.470350 380.367853
6 79 198.715258 382.698749
7 79 196.486206 384.189623
8 79 196.772731 380.486292
3 80 423.407822 935.882914
4 80 421.244869 935.854730
5 80 420.425987 935.092333
6 80 423.344125 938.675161
7 80 422.768016 938.358588
8 80 420.902969 935.625394
3 81 930.843672 461.808598
4 81 932.274734 461.673960
5 81 932.542519 464.451847
6 81 934.428073 463.515337
7 81 930.695599 464.862021
8 81 934.052254 462.240989
3 82 344.695507 962.592999
4 82 342.990131 964.364476
5 82 344.836253 963.527575
6 82 341.490673 963.184807
7 82 340.900872 961.561255
8 82 343.077638 963.468148
3 83 470.415170 612.571511
4 83 474.002652 611.703583
5 83 473.369832 613.697487
6 83 474.982032 610.193210
7 83 473.631773 611.347793
8 83 473.900706 612.109991
3 84 451.691637 830.535559
4 84 452.691496 834.582799
5 84 452.118384 833.129397
6 84 451.224730 830.686357
7 84 452.289446 830.167677
8 84 450.267627 831.165522
3 85 76.252338 795.082135
4 85 76.886551 797.690210
5 85 78.017110 798.423196
6 85 77.497155 795.565021
7 85 78.143823 796.800617
8 85 76.098039 795.860069
3 86 621.998834 136.953435
4 86 621.250452 137.480187
5 86 620.428847 136.885580
6 86 623.121241 137.761415
7 86 621.637479 136.793045
8 86 621.221974 135.670252
3 87 630.202328 82.651821
4 87 632.946432 80.022425
5 87 631.956321 84.162042
6 87 631.593708 82.072786
7 87 631.414341 83.413781
8 87 630.443828 83.871853
3 88 545.972391 312.956027
4 88 548.794754 314.100198
5 88 546.741642 314.949008
6 88 548.783243 313.090318
7 88 546.976327 311.915683
8 88 548.067808 312.109777
3 89 500.198909 353.132259
4 89 502.888333 354.716163
5 89 500.677354 351.032267
6 89 501.299369 354.436144
7 89 503.062394 351.728683
8 89 501.113439 354.952204
3 90 839.770789 172.304292
4 90 838.195992 170.883931
5 90 837.588139 170.569342
6 90 836.318220 174.982091
7 90 835.142928 173.271627
8 90 835.432962 174.098481
3 91 29.131511 457.502367
4 91 27.648415 458.959924
5 91 28.330795 459.519453
6 91 25.635511 459.557046
7 91 27.716496 457.742757
8 91 25.263430 455.272576
3 92 246.632270 302.637824
4 92 248.368143 303.152100
5 92 249.498085 304.229495
6 92 249.422156 300.559754
7 92 247.076162 301.284005
8 92 248.122110 300.022497
3 93 893.622403 221.583034
4 93 891.617299 224.025838
5 93 890.233935 221.835761
6 93 894.815012 223.158453
7 93 891.268056 224.708366
8 93 891.968171 224.617457
3 94 515.791519 868.352879
4 94 516.084101 867.289654
5 94 518.430637 865.495748
6 94 515.367484 865.424186
7 94 515.668192 868.569903
8 94 519.871215 867.407632
3 95 475.365566 259.750226
4 95 475.282672 256.370256
5 95 476.944892 255.532792
6 95 476.353443 258.464487
7 95 477.085365 259.203964
8 95 478.158734 258.816185
3 96 999.877829 443.302624
4 96 998.964978 440.442536
5 96 998.171434 443.606387
6 96 997.111607 444.710160
7 96 995.069616 444.366437
8 96 995.942940 443.872025
3 97 45.401848 127.094715
4 97 47.013215 128.179397
5 97 45.027093 125.772412
6 97 47.866608 126.669521
7 97 47.145408 126.259759
8 97 49.464984 126.158950
3 98 475.878185 782.261589
4 98 475.656791 782.960218
5 98 476.573458 782.499840
6 98 475.287904 783.880348
7 98 476.862391 780.625603
8 98 479.292062 781.647204
3 99 424.344793 331.600399
4 99 422.909685 334.212267
5 99 423.514818 334.967169
6 99 422.609664 331.336824
7 99 421.954741 333.814963
8 99 420.255562 334.385218
3 100 320.159532 4.550072
4 100 324.045149 3.915799
5 100 321.421263 3.705542
6 100 324.620494 3.783971
7 100 320.659797 4.065642
8 100 324.881802 0.649103
3 101 966.426737 702.339142
4 101 969.914026 704.164514
5 101 965.727302 704.670379
6 101 965.299043 704.311278
7 101 965.531987 704.109273
8 101 967.854851 700.468621
3 102 627.760925 187.996000
4 102 629.711472 186.234646
5 102 625.838492 187.081173
6 102 627.746741 188.921473
7 102 625.097847 189.943080
8 102 625.352571 186.418906
3 103 482.422001 406.011198
4 103 482.901170 406.341363
5 103 480.722428 409.245394
6 103 480.584217 405.201866
7 103 483.799922 409.226023
8 103 482.605584 408.678459
3 104 21.875982 53.288071
4 104 21.535447 53.868294
5 104 20.449483 51.345085
6 104 20.179481 52.679758
7 104 22.058189 52.459609
8 104 22.766650 51.894052
3 105 518.126950 43.838875
4 105 518.832968 44.641000
5 105 515.348043 44.838526
6 105 518.601876 40.288496
7 105 516.847994 43.568335
8 105 518.913159 40.125533
3 106 57.526469 728.927777
4 106 56.651982 725.159199
5 106 58.970727 726.752391
6 106 59.001220 727.962371
7 106 57.915254 728.899097
8 106 58.455198 728.896957
3 107 262.847011 892.994838
4 107 261.729636 891.806877
5 107 262.124827 891.188500
6 107 260.682586 890.884978
7 107 262.324701 891.776381
8 107 263.630113 891.390332
3 108 807.697730 51.724144
4 108 806.454505 51.128627
5 108 806.135342 52.022199
6 108 807.836885 52.883035
7 108 807.361647 54.989326
8 108 807.326307 54.668570
3 109 444.550248 379.299098
4 109 441.996383 375.170056
5 109 442.341443 376.039418
6 109 441.714510 375.162658
7 109 443.618203 378.999224
8 109 442.719017 376.745123
3 110 132.469944 14.897432
4 110 131.200104 13.732473
5 110 133.354308 14.333934
6 110 131.613599 13.286811
7 110 133.046989 13.796169
8 110 134.311374 14.218694
3 111 441.627481 570.528768
4 111 441.579197 573.730649
5 111 440.397079 573.494628
6 111 440.803631 573.253372
7 111 440.578606 574.734745
8 111 444.317164 571.680903
3 112 357.908674 380.835458
4 112 359.259822 381.604972
5 112 358.332699 383.093467
6 112 356.725648 381.898847
7 112 356.115286 382.669345
8 112 359.515808 382.141207
3 113 165.390054 845.034340
4 113 165.837857 846.011431
5 113 166.570108 847.165783
6 113 167.006836 849.955997
7 113 165.946060 848.631365
8 113 165.998439 846.885981
3 114 801.151897 734.769839
4 114 804.003005 732.865290
5 114 801.361970 734.296085
6 114 802.849084 730.596563
7 114 800.202502 730.545704
8 114 800.456386 731.866987
